0.0, 0.6818160823980417
0.001, 0.6851415639000508
0.002, 0.6851415639000508
0.003, 0.6851415639000508
0.004, 0.6851415639000508
0.005, 0.6851415639000508
0.006, 0.6851415639000508
0.007, 0.6851415639000508
0.008, 0.6851415639000508
0.009, 0.6851415639000508
0.01, 0.6851415639000508
0.011, 0.6851415639000508
0.012, 0.6851415639000508
0.013, 0.6851415639000508
0.014, 0.6851415639000508
0.015, 0.693593829384324
0.016, 0.693593829384324
0.017, 0.693593829384324
0.018, 0.693593829384324
0.019, 0.693593829384324
0.02, 0.693593829384324
0.021, 0.693593829384324
0.022, 0.694194263544409
0.023, 0.694194263544409
0.024, 0.694194263544409
0.025, 0.694194263544409
0.026, 0.694194263544409
0.027, 0.694194263544409
0.028, 0.694194263544409
0.029, 0.694194263544409
0.03, 0.694194263544409
0.031, 0.694194263544409
0.032, 0.694194263544409
0.033, 0.694194263544409
0.034, 0.694194263544409
0.035, 0.694194263544409
0.036, 0.694194263544409
0.037, 0.694194263544409
0.038, 0.7569165396517482
0.039, 0.7569165396517482
0.04, 0.7569165396517482
0.041, 0.7569165396517482
0.042, 0.7569165396517482
0.043, 0.7569165396517482
0.044, 0.7605653318553416
0.045, 0.7605653318553416
0.046, 0.7605653318553416
0.047, 0.7605653318553416
0.048, 0.7605653318553416
0.049, 0.7605653318553416
0.05, 0.7605653318553416
0.051, 0.7605653318553416
0.052, 0.7605653318553416
0.053, 0.7605653318553416
0.054, 0.7605653318553416
0.055, 0.7605653318553416
0.056, 0.7605653318553416
0.057, 0.7742829430511293
0.058, 0.7742829430511293
0.059, 0.7742829430511293
0.06, 0.7742829430511293
0.061, 0.7742829430511293
0.062, 0.7742829430511293
0.063, 0.7742829430511293
0.064, 0.7852755069049928
0.065, 0.7971456283774422
0.066, 0.7971456283774422
0.067, 0.7971456283774422
0.068, 0.7971456283774422
0.069, 0.7971456283774422
0.07, 0.7971456283774422
0.071, 0.7971456283774422
0.072, 0.7971456283774422
0.073, 0.7971456283774422
0.074, 0.7971456283774422
0.075, 0.7971456283774422
0.076, 0.7971456283774422
0.077, 0.7971456283774422
0.078, 0.7971456283774422
0.079, 0.7971456283774422
0.08, 0.7971456283774422
0.081, 0.7971456283774422
0.082, 0.7971456283774422
0.083, 0.7971456283774422
0.084, 0.7971456283774422
0.085, 0.7971456283774422
0.086, 0.7971456283774422
0.087, 0.7971456283774422
0.088, 0.7971456283774422
0.089, 0.7971456283774422
0.09, 0.7971456283774422
0.091, 0.7971456283774422
0.092, 0.7971456283774422
0.093, 0.7971456283774422
0.094, 0.7971456283774422
0.095, 0.7971456283774422
0.096, 0.7971456283774422
0.097, 0.7971456283774422
0.098, 0.7971456283774422
0.099, 0.7971456283774422
0.1, 0.7971456283774422
0.101, 0.7971456283774422
0.102, 0.7971456283774422
0.103, 0.7971456283774422
0.104, 0.7971456283774422
0.105, 0.804350838298462
0.106, 0.804350838298462
0.107, 0.804350838298462
0.108, 0.804350838298462
0.109, 0.804350838298462
0.11, 0.804350838298462
0.111, 0.804350838298462
0.112, 0.804350838298462
0.113, 0.804350838298462
0.114, 0.804350838298462
0.115, 0.804350838298462
0.116, 0.804350838298462
0.117, 0.804350838298462
0.118, 0.8161285852847443
0.119, 0.8161285852847443
0.12, 0.8161285852847443
0.121, 0.8161285852847443
0.122, 0.8161285852847443
0.123, 0.8161285852847443
0.124, 0.8161285852847443
0.125, 0.8161285852847443
0.126, 0.8161285852847443
0.127, 0.8161285852847443
0.128, 0.8161285852847443
0.129, 0.8231028589903469
0.13, 0.8267978384370237
0.131, 0.8267978384370237
0.132, 0.8267978384370237
0.133, 0.8267978384370237
0.134, 0.8267978384370237
0.135, 0.8346958570042954
0.136, 0.8346958570042954
0.137, 0.8346958570042954
0.138, 0.8346958570042954
0.139, 0.8346958570042954
0.14, 0.8346958570042954
0.141, 0.8346958570042954
0.142, 0.8346958570042954
0.143, 0.8346958570042954
0.144, 0.8346958570042954
0.145, 0.8346958570042954
0.146, 0.8346958570042954
0.147, 0.8346958570042954
0.148, 0.8346958570042954
0.149, 0.8346958570042954
0.15, 0.8346958570042954
0.151, 0.8346958570042954
0.152, 0.8346958570042954
0.153, 0.8346958570042954
0.154, 0.8346958570042954
0.155, 0.8346958570042954
0.156, 0.8346958570042954
0.157, 0.8346958570042954
0.158, 0.8346958570042954
0.159, 0.8346958570042954
0.16, 0.8346958570042954
0.161, 0.8346958570042954
0.162, 0.8346958570042954
0.163, 0.8346958570042954
0.164, 0.8346958570042954
0.165, 0.8346958570042954
0.166, 0.8346958570042954
0.167, 0.8376980278047204
0.168, 0.8376980278047204
0.169, 0.8376980278047204
0.17, 0.8376980278047204
0.171, 0.8466583529629117
0.172, 0.8466583529629117
0.173, 0.8466583529629117
0.174, 0.8486444044155005
0.175, 0.8486444044155005
0.176, 0.8486444044155005
0.177, 0.8486444044155005
0.178, 0.8486444044155005
0.179, 0.8486444044155005
0.18, 0.8486444044155005
0.181, 0.8486444044155005
0.182, 0.8486444044155005
0.183, 0.8486444044155005
0.184, 0.8486444044155005
0.185, 0.8486444044155005
0.186, 0.8486444044155005
0.187, 0.8486444044155005
0.188, 0.8486444044155005
0.189, 0.8534940649392638
0.19, 0.8534940649392638
0.191, 0.8534940649392638
0.192, 0.8534940649392638
0.193, 0.8534940649392638
0.194, 0.8534940649392638
0.195, 0.8534940649392638
0.196, 0.8534940649392638
0.197, 0.8534940649392638
0.198, 0.8534940649392638
0.199, 0.8534940649392638
0.2, 0.8534940649392638
0.201, 0.8534940649392638
0.202, 0.8534940649392638
0.203, 0.8534940649392638
0.204, 0.8534940649392638
0.205, 0.8534940649392638
0.206, 0.8534940649392638
0.207, 0.8534940649392638
0.208, 0.8534940649392638
0.209, 0.8534940649392638
0.21, 0.8534940649392638
0.211, 0.8534940649392638
0.212, 0.8543716225578495
0.213, 0.8543716225578495
0.214, 0.8543716225578495
0.215, 0.8543716225578495
0.216, 0.8543716225578495
0.217, 0.8543716225578495
0.218, 0.8543716225578495
0.219, 0.8543716225578495
0.22, 0.8543716225578495
0.221, 0.8543716225578495
0.222, 0.8543716225578495
0.223, 0.8543716225578495
0.224, 0.8543716225578495
0.225, 0.8543716225578495
0.226, 0.8543716225578495
0.227, 0.8543716225578495
0.228, 0.8543716225578495
0.229, 0.8543716225578495
0.23, 0.8543716225578495
0.231, 0.8543716225578495
0.232, 0.8543716225578495
0.233, 0.8543716225578495
0.234, 0.8543716225578495
0.235, 0.8543716225578495
0.236, 0.8543716225578495
0.237, 0.8543716225578495
0.238, 0.8543716225578495
0.239, 0.8543716225578495
0.24, 0.8543716225578495
0.241, 0.8543716225578495
0.242, 0.8543716225578495
0.243, 0.8543716225578495
0.244, 0.8543716225578495
0.245, 0.8543716225578495
0.246, 0.8543716225578495
0.247, 0.8543716225578495
0.248, 0.8543716225578495
0.249, 0.8543716225578495
0.25, 0.8571890443859406
0.251, 0.8594060320539467
0.252, 0.8599602789709482
0.253, 0.8599602789709482
0.254, 0.8599602789709482
0.255, 0.8599602789709482
0.256, 0.8599602789709482
0.257, 0.8599602789709482
0.258, 0.862639139069789
0.259, 0.862639139069789
0.26, 0.862639139069789
0.261, 0.862639139069789
0.262, 0.862639139069789
0.263, 0.862639139069789
0.264, 0.862639139069789
0.265, 0.862639139069789
0.266, 0.862639139069789
0.267, 0.862639139069789
0.268, 0.862639139069789
0.269, 0.862639139069789
0.27, 0.862639139069789
0.271, 0.862639139069789
0.272, 0.862639139069789
0.273, 0.862639139069789
0.274, 0.862639139069789
0.275, 0.862639139069789
0.276, 0.8670731144058011
0.277, 0.8670731144058011
0.278, 0.8670731144058011
0.279, 0.8670731144058011
0.28, 0.8670731144058011
0.281, 0.8670731144058011
0.282, 0.8670731144058011
0.283, 0.8670731144058011
0.284, 0.8670731144058011
0.285, 0.8670731144058011
0.286, 0.8670731144058011
0.287, 0.8670731144058011
0.288, 0.8670731144058011
0.289, 0.8670731144058011
0.29, 0.8670731144058011
0.291, 0.8670731144058011
0.292, 0.8670731144058011
0.293, 0.8670731144058011
0.294, 0.8670731144058011
0.295, 0.8670731144058011
0.296, 0.8670731144058011
0.297, 0.8670731144058011
0.298, 0.8670731144058011
0.299, 0.8670731144058011
0.3, 0.8670731144058011
0.301, 0.8670731144058011
0.302, 0.8670731144058011
0.303, 0.8670731144058011
0.304, 0.8670731144058011
0.305, 0.8670731144058011
0.306, 0.8670731144058011
0.307, 0.8670731144058011
0.308, 0.8670731144058011
0.309, 0.8670731144058011
0.31, 0.8683663572121381
0.311, 0.8683663572121381
0.312, 0.8683663572121381
0.313, 0.8683663572121381
0.314, 0.8683663572121381
0.315, 0.8683663572121381
0.316, 0.8683663572121381
0.317, 0.8683663572121381
0.318, 0.8683663572121381
0.319, 0.8683663572121381
0.32, 0.8683663572121381
0.321, 0.8683663572121381
0.322, 0.8683663572121381
0.323, 0.8683663572121381
0.324, 0.8683663572121381
0.325, 0.8683663572121381
0.326, 0.8683663572121381
0.327, 0.8735855156805691
0.328, 0.8735855156805691
0.329, 0.8735855156805691
0.33, 0.8735855156805691
0.331, 0.8735855156805691
0.332, 0.8735855156805691
0.333, 0.8735855156805691
0.334, 0.8735855156805691
0.335, 0.8735855156805691
0.336, 0.8735855156805691
0.337, 0.8735855156805691
0.338, 0.8735855156805691
0.339, 0.8735855156805691
0.34, 0.8735855156805691
0.341, 0.8735855156805691
0.342, 0.8735855156805691
0.343, 0.8735855156805691
0.344, 0.8735855156805691
0.345, 0.8739550136252368
0.346, 0.8739550136252368
0.347, 0.8739550136252368
0.348, 0.8739550136252368
0.349, 0.8739550136252368
0.35, 0.8739550136252368
0.351, 0.8739550136252368
0.352, 0.8739550136252368
0.353, 0.8739550136252368
0.354, 0.8739550136252368
0.355, 0.8739550136252368
0.356, 0.8739550136252368
0.357, 0.8739550136252368
0.358, 0.8752482564315736
0.359, 0.8752482564315736
0.36, 0.8752482564315736
0.361, 0.8752482564315736
0.362, 0.8752482564315736
0.363, 0.8758025033485751
0.364, 0.8758025033485751
0.365, 0.8758025033485751
0.366, 0.8758025033485751
0.367, 0.8758025033485751
0.368, 0.8758025033485751
0.369, 0.8758025033485751
0.37, 0.8758025033485751
0.371, 0.8758025033485751
0.372, 0.8758025033485751
0.373, 0.8758025033485751
0.374, 0.8758025033485751
0.375, 0.8758025033485751
0.376, 0.8758025033485751
0.377, 0.8758025033485751
0.378, 0.8758025033485751
0.379, 0.8758025033485751
0.38, 0.8758025033485751
0.381, 0.8758025033485751
0.382, 0.8758025033485751
0.383, 0.8758025033485751
0.384, 0.8758025033485751
0.385, 0.8758025033485751
0.386, 0.8758025033485751
0.387, 0.8758025033485751
0.388, 0.8758025033485751
0.389, 0.8758025033485751
0.39, 0.8758025033485751
0.391, 0.8758025033485751
0.392, 0.8758025033485751
0.393, 0.8758025033485751
0.394, 0.8758025033485751
0.395, 0.8758025033485751
0.396, 0.8758025033485751
0.397, 0.8758025033485751
0.398, 0.8758025033485751
0.399, 0.8758025033485751
0.4, 0.8758025033485751
0.401, 0.8758025033485751
0.402, 0.8758025033485751
0.403, 0.8758025033485751
0.404, 0.8758025033485751
0.405, 0.8758025033485751
0.406, 0.8764029375086602
0.407, 0.8764029375086602
0.408, 0.8764029375086602
0.409, 0.8764029375086602
0.41, 0.8764029375086602
0.411, 0.8764029375086602
0.412, 0.8764029375086602
0.413, 0.8764029375086602
0.414, 0.8764029375086602
0.415, 0.8764029375086602
0.416, 0.8764029375086602
0.417, 0.8764029375086602
0.418, 0.8764029375086602
0.419, 0.8764029375086602
0.42, 0.8764029375086602
0.421, 0.8764029375086602
0.422, 0.8764029375086602
0.423, 0.8769109971825781
0.424, 0.8769109971825781
0.425, 0.8769109971825781
0.426, 0.8769109971825781
0.427, 0.8769109971825781
0.428, 0.8769109971825781
0.429, 0.8769109971825781
0.43, 0.8769109971825781
0.431, 0.8769109971825781
0.432, 0.8767724354533278
0.433, 0.8767724354533278
0.434, 0.8767724354533278
0.435, 0.8767724354533278
0.436, 0.8767724354533278
0.437, 0.8767724354533278
0.438, 0.8767724354533278
0.439, 0.8767724354533278
0.44, 0.8767724354533278
0.441, 0.8767724354533278
0.442, 0.8767724354533278
0.443, 0.8767724354533278
0.444, 0.8767724354533278
0.445, 0.8767724354533278
0.446, 0.8767724354533278
0.447, 0.8767724354533278
0.448, 0.877696180314997
0.449, 0.877696180314997
0.45, 0.877696180314997
0.451, 0.877696180314997
0.452, 0.877696180314997
0.453, 0.877696180314997
0.454, 0.877696180314997
0.455, 0.877696180314997
0.456, 0.877696180314997
0.457, 0.877696180314997
0.458, 0.877696180314997
0.459, 0.877696180314997
0.46, 0.877696180314997
0.461, 0.877696180314997
0.462, 0.877696180314997
0.463, 0.877696180314997
0.464, 0.8775114313426632
0.465, 0.8775114313426632
0.466, 0.8765414992379105
0.467, 0.8765414992379105
0.468, 0.8765414992379105
0.469, 0.8765414992379105
0.47, 0.8765414992379105
0.471, 0.8765414992379105
0.472, 0.8765414992379105
0.473, 0.8765414992379105
0.474, 0.8765414992379105
0.475, 0.8765414992379105
0.476, 0.8765414992379105
0.477, 0.8765414992379105
0.478, 0.8765414992379105
0.479, 0.8765414992379105
0.48, 0.8765414992379105
0.481, 0.8765414992379105
0.482, 0.8765414992379105
0.483, 0.8765414992379105
0.484, 0.8765414992379105
0.485, 0.8765414992379105
0.486, 0.8765414992379105
0.487, 0.8765414992379105
0.488, 0.8765414992379105
0.489, 0.8765414992379105
0.49, 0.8765414992379105
0.491, 0.8765414992379105
0.492, 0.8765414992379105
0.493, 0.8765414992379105
0.494, 0.8765414992379105
0.495, 0.8765414992379105
0.496, 0.8765414992379105
0.497, 0.8765414992379105
0.498, 0.8765414992379105
0.499, 0.8758486905916586
0.5, 0.8758486905916586
0.501, 0.8758486905916586
0.502, 0.8758486905916586
0.503, 0.8758486905916586
0.504, 0.8758486905916586
0.505, 0.8758486905916586
0.506, 0.8758486905916586
0.507, 0.8758486905916586
0.508, 0.8758486905916586
0.509, 0.8758486905916586
0.51, 0.8758486905916586
0.511, 0.8758486905916586
0.512, 0.8758486905916586
0.513, 0.8758486905916586
0.514, 0.8758486905916586
0.515, 0.8758486905916586
0.516, 0.8758486905916586
0.517, 0.8758486905916586
0.518, 0.8758486905916586
0.519, 0.8758486905916586
0.52, 0.8758486905916586
0.521, 0.8758948778347421
0.522, 0.8758948778347421
0.523, 0.8758948778347421
0.524, 0.8758948778347421
0.525, 0.8758948778347421
0.526, 0.8758948778347421
0.527, 0.8758948778347421
0.528, 0.8758948778347421
0.529, 0.8758948778347421
0.53, 0.8758948778347421
0.531, 0.8758948778347421
0.532, 0.8758948778347421
0.533, 0.8758948778347421
0.534, 0.8758948778347421
0.535, 0.8758948778347421
0.536, 0.8758948778347421
0.537, 0.8758948778347421
0.538, 0.8758948778347421
0.539, 0.8758948778347421
0.54, 0.8758948778347421
0.541, 0.8758948778347421
0.542, 0.8758948778347421
0.543, 0.8758948778347421
0.544, 0.8758948778347421
0.545, 0.8758948778347421
0.546, 0.8758948778347421
0.547, 0.8758948778347421
0.548, 0.8758948778347421
0.549, 0.8758948778347421
0.55, 0.8758948778347421
0.551, 0.8758948778347421
0.552, 0.8758948778347421
0.553, 0.8758948778347421
0.554, 0.8758948778347421
0.555, 0.8758948778347421
0.556, 0.8758948778347421
0.557, 0.8758948778347421
0.558, 0.8758948778347421
0.559, 0.8758948778347421
0.56, 0.8758948778347421
0.561, 0.8758948778347421
0.562, 0.8758948778347421
0.563, 0.8758948778347421
0.564, 0.8758948778347421
0.565, 0.8758948778347421
0.566, 0.8758948778347421
0.567, 0.8758948778347421
0.568, 0.8758948778347421
0.569, 0.8758948778347421
0.57, 0.8758948778347421
0.571, 0.8758948778347421
0.572, 0.8758948778347421
0.573, 0.8758948778347421
0.574, 0.8758948778347421
0.575, 0.8758948778347421
0.576, 0.8758948778347421
0.577, 0.8758948778347421
0.578, 0.8758948778347421
0.579, 0.8750635074592398
0.58, 0.8750635074592398
0.581, 0.8750635074592398
0.582, 0.8750635074592398
0.583, 0.8750635074592398
0.584, 0.8750635074592398
0.585, 0.8750635074592398
0.586, 0.874185949840654
0.587, 0.8722460856311487
0.588, 0.8722460856311487
0.589, 0.8722460856311487
0.59, 0.8722460856311487
0.591, 0.8722460856311487
0.592, 0.8709066555817283
0.593, 0.8686896679137223
0.594, 0.8686896679137223
0.595, 0.8686896679137223
0.596, 0.8686896679137223
0.597, 0.8686896679137223
0.598, 0.8686896679137223
0.599, 0.8686896679137223
0.6, 0.8686896679137223
0.601, 0.8686896679137223
0.602, 0.8686896679137223
0.603, 0.8686896679137223
0.604, 0.8686896679137223
0.605, 0.8686896679137223
0.606, 0.8686896679137223
0.607, 0.8683201699690546
0.608, 0.8683201699690546
0.609, 0.8683201699690546
0.61, 0.8683201699690546
0.611, 0.8683201699690546
0.612, 0.8683201699690546
0.613, 0.8683201699690546
0.614, 0.8683201699690546
0.615, 0.8683201699690546
0.616, 0.8683201699690546
0.617, 0.8683201699690546
0.618, 0.8683201699690546
0.619, 0.8683201699690546
0.62, 0.8683201699690546
0.621, 0.8683201699690546
0.622, 0.8683201699690546
0.623, 0.8683201699690546
0.624, 0.8683201699690546
0.625, 0.8683201699690546
0.626, 0.8683201699690546
0.627, 0.8683201699690546
0.628, 0.8683201699690546
0.629, 0.8683201699690546
0.63, 0.8683201699690546
0.631, 0.8683201699690546
0.632, 0.8683201699690546
0.633, 0.8683201699690546
0.634, 0.8683201699690546
0.635, 0.8683201699690546
0.636, 0.8683201699690546
0.637, 0.8683201699690546
0.638, 0.8683201699690546
0.639, 0.8683201699690546
0.64, 0.8683201699690546
0.641, 0.8683201699690546
0.642, 0.8683201699690546
0.643, 0.8683201699690546
0.644, 0.8683201699690546
0.645, 0.8683201699690546
0.646, 0.8683201699690546
0.647, 0.8683201699690546
0.648, 0.8683201699690546
0.649, 0.8657798715994642
0.65, 0.8657798715994642
0.651, 0.864763752251628
0.652, 0.864763752251628
0.653, 0.864763752251628
0.654, 0.864763752251628
0.655, 0.864763752251628
0.656, 0.864763752251628
0.657, 0.864763752251628
0.658, 0.864763752251628
0.659, 0.864763752251628
0.66, 0.864763752251628
0.661, 0.864763752251628
0.662, 0.864763752251628
0.663, 0.864763752251628
0.664, 0.864763752251628
0.665, 0.864763752251628
0.666, 0.864763752251628
0.667, 0.864763752251628
0.668, 0.864763752251628
0.669, 0.8630086370144566
0.67, 0.8630086370144566
0.671, 0.8630086370144566
0.672, 0.8630086370144566
0.673, 0.8630086370144566
0.674, 0.8630086370144566
0.675, 0.8630086370144566
0.676, 0.8619001431804536
0.677, 0.8619001431804536
0.678, 0.8619001431804536
0.679, 0.8619001431804536
0.68, 0.8619001431804536
0.681, 0.8619001431804536
0.682, 0.8619001431804536
0.683, 0.8619001431804536
0.684, 0.8619001431804536
0.685, 0.8619001431804536
0.686, 0.8619001431804536
0.687, 0.8619001431804536
0.688, 0.8619001431804536
0.689, 0.8619001431804536
0.69, 0.8619001431804536
0.691, 0.8619001431804536
0.692, 0.8619001431804536
0.693, 0.8619001431804536
0.694, 0.8619001431804536
0.695, 0.8619001431804536
0.696, 0.8619001431804536
0.697, 0.8619001431804536
0.698, 0.8619001431804536
0.699, 0.8619001431804536
0.7, 0.8619001431804536
0.701, 0.8619001431804536
0.702, 0.8619001431804536
0.703, 0.8619001431804536
0.704, 0.8619001431804536
0.705, 0.8619001431804536
0.706, 0.8619001431804536
0.707, 0.8619001431804536
0.708, 0.8598679044847813
0.709, 0.8598679044847813
0.71, 0.8598679044847813
0.711, 0.8598679044847813
0.712, 0.8598679044847813
0.713, 0.8598679044847813
0.714, 0.8598679044847813
0.715, 0.8598679044847813
0.716, 0.8598679044847813
0.717, 0.8598679044847813
0.718, 0.8598679044847813
0.719, 0.8598679044847813
0.72, 0.8598679044847813
0.721, 0.8598679044847813
0.722, 0.8598679044847813
0.723, 0.8598679044847813
0.724, 0.8592212830816128
0.725, 0.8592212830816128
0.726, 0.8592212830816128
0.727, 0.8592212830816128
0.728, 0.8553415546626022
0.729, 0.8553415546626022
0.73, 0.8553415546626022
0.731, 0.8553415546626022
0.732, 0.8553415546626022
0.733, 0.8553415546626022
0.734, 0.8553415546626022
0.735, 0.8553415546626022
0.736, 0.8553415546626022
0.737, 0.8553415546626022
0.738, 0.8553415546626022
0.739, 0.8553415546626022
0.74, 0.8553415546626022
0.741, 0.8553415546626022
0.742, 0.8553415546626022
0.743, 0.8553415546626022
0.744, 0.8553415546626022
0.745, 0.8553415546626022
0.746, 0.8553415546626022
0.747, 0.8553415546626022
0.748, 0.8553415546626022
0.749, 0.8553415546626022
0.75, 0.8553415546626022
0.751, 0.8553415546626022
0.752, 0.8553415546626022
0.753, 0.8553415546626022
0.754, 0.8553415546626022
0.755, 0.8491986513325019
0.756, 0.8491986513325019
0.757, 0.8491986513325019
0.758, 0.8491986513325019
0.759, 0.8491986513325019
0.76, 0.845688420858159
0.761, 0.845688420858159
0.762, 0.845688420858159
0.763, 0.845688420858159
0.764, 0.845688420858159
0.765, 0.845688420858159
0.766, 0.845688420858159
0.767, 0.845688420858159
0.768, 0.845688420858159
0.769, 0.845688420858159
0.77, 0.845688420858159
0.771, 0.845688420858159
0.772, 0.845688420858159
0.773, 0.8445337397810725
0.774, 0.8445337397810725
0.775, 0.8445337397810725
0.776, 0.8445337397810725
0.777, 0.8445337397810725
0.778, 0.8445337397810725
0.779, 0.8445337397810725
0.78, 0.8445337397810725
0.781, 0.8445337397810725
0.782, 0.8445337397810725
0.783, 0.8445337397810725
0.784, 0.8445337397810725
0.785, 0.8445337397810725
0.786, 0.8445337397810725
0.787, 0.8445337397810725
0.788, 0.8445337397810725
0.789, 0.8445337397810725
0.79, 0.8445337397810725
0.791, 0.8445337397810725
0.792, 0.8308161285852848
0.793, 0.8308161285852848
0.794, 0.8308161285852848
0.795, 0.8308161285852848
0.796, 0.827629208812526
0.797, 0.827629208812526
0.798, 0.827629208812526
0.799, 0.827629208812526
0.8, 0.827629208812526
0.801, 0.822410050344095
0.802, 0.822410050344095
0.803, 0.822410050344095
0.804, 0.8219481779132604
0.805, 0.8219481779132604
0.806, 0.8219481779132604
0.807, 0.8219481779132604
0.808, 0.8219481779132604
0.809, 0.8219481779132604
0.81, 0.8219481779132604
0.811, 0.8195926285160039
0.812, 0.8195926285160039
0.813, 0.8195926285160039
0.814, 0.8195926285160039
0.815, 0.8195926285160039
0.816, 0.8195926285160039
0.817, 0.8195926285160039
0.818, 0.8195926285160039
0.819, 0.8195926285160039
0.82, 0.8195926285160039
0.821, 0.8195926285160039
0.822, 0.8195926285160039
0.823, 0.8082767539605561
0.824, 0.8082767539605561
0.825, 0.8082767539605561
0.826, 0.8082767539605561
0.827, 0.8082767539605561
0.828, 0.8082767539605561
0.829, 0.8082767539605561
0.83, 0.8082767539605561
0.831, 0.8082767539605561
0.832, 0.8082767539605561
0.833, 0.8082767539605561
0.834, 0.8082767539605561
0.835, 0.8082767539605561
0.836, 0.8082767539605561
0.837, 0.8082767539605561
0.838, 0.8082767539605561
0.839, 0.8082767539605561
0.84, 0.8082767539605561
0.841, 0.8082767539605561
0.842, 0.8082767539605561
0.843, 0.8082767539605561
0.844, 0.8082767539605561
0.845, 0.8082767539605561
0.846, 0.8082767539605561
0.847, 0.8082767539605561
0.848, 0.8082767539605561
0.849, 0.8082767539605561
0.85, 0.8082767539605561
0.851, 0.8082767539605561
0.852, 0.7847212599879914
0.853, 0.7847212599879914
0.854, 0.7847212599879914
0.855, 0.7847212599879914
0.856, 0.7847212599879914
0.857, 0.7847212599879914
0.858, 0.7847212599879914
0.859, 0.7847212599879914
0.86, 0.7847212599879914
0.861, 0.7847212599879914
0.862, 0.7847212599879914
0.863, 0.7847212599879914
0.864, 0.7847212599879914
0.865, 0.7847212599879914
0.866, 0.7847212599879914
0.867, 0.7847212599879914
0.868, 0.7847212599879914
0.869, 0.7847212599879914
0.87, 0.7847212599879914
0.871, 0.7847212599879914
0.872, 0.7847212599879914
0.873, 0.782273336104568
0.874, 0.782273336104568
0.875, 0.782273336104568
0.876, 0.782273336104568
0.877, 0.782273336104568
0.878, 0.7758994965590504
0.879, 0.7758994965590504
0.88, 0.7758994965590504
0.881, 0.7758994965590504
0.882, 0.751882130155651
0.883, 0.7401043831693687
0.884, 0.7401043831693687
0.885, 0.7401043831693687
0.886, 0.7401043831693687
0.887, 0.7401043831693687
0.888, 0.7401043831693687
0.889, 0.7401043831693687
0.89, 0.6931781441965729
0.891, 0.6931781441965729
0.892, 0.6931781441965729
0.893, 0.6931781441965729
0.894, 0.6931781441965729
0.895, 0.6522100595815435
0.896, 0.6522100595815435
0.897, 0.6522100595815435
0.898, 0.6522100595815435
0.899, 0.6522100595815435
0.9, 0.6522100595815435
0.901, 0.6522100595815435
0.902, 0.6522100595815435
0.903, 0.6522100595815435
0.904, 0.6522100595815435
0.905, 0.6522100595815435
0.906, 0.6522100595815435
0.907, 0.6522100595815435
0.908, 0.6522100595815435
0.909, 0.6522100595815435
0.91, 0.6522100595815435
0.911, 0.6522100595815435
0.912, 0.6522100595815435
0.913, 0.6522100595815435
0.914, 0.6522100595815435
0.915, 0.6522100595815435
0.916, 0.6522100595815435
0.917, 0.6522100595815435
0.918, 0.6522100595815435
0.919, 0.6522100595815435
0.92, 0.6522100595815435
0.921, 0.6522100595815435
0.922, 0.6522100595815435
0.923, 0.6522100595815435
0.924, 0.6522100595815435
0.925, 0.6522100595815435
0.926, 0.6522100595815435
0.927, 0.6522100595815435
0.928, 0.6522100595815435
0.929, 0.6522100595815435
0.93, 0.6522100595815435
0.931, 0.6522100595815435
0.932, 0.6522100595815435
0.933, 0.6522100595815435
0.934, 0.6522100595815435
0.935, 0.6522100595815435
0.936, 0.6522100595815435
0.937, 0.6522100595815435
0.938, 0.6522100595815435
0.939, 0.6522100595815435
0.94, 0.6522100595815435
0.941, 0.6522100595815435
0.942, 0.6522100595815435
0.943, 0.6522100595815435
0.944, 0.6522100595815435
0.945, 0.6522100595815435
0.946, 0.6522100595815435
0.947, 0.6522100595815435
0.948, 0.6522100595815435
0.949, 0.6522100595815435
0.95, 0.6522100595815435
0.951, 0.6522100595815435
0.952, 0.6522100595815435
0.953, 0.6314719874370699
0.954, 0.6314719874370699
0.955, 0.6314719874370699
0.956, 0.6314719874370699
0.957, 0.6314719874370699
0.958, 0.6207565470417071
0.959, 0.6207565470417071
0.96, 0.6207565470417071
0.961, 0.6207565470417071
0.962, 0.6207565470417071
0.963, 0.6207565470417071
0.964, 0.6207565470417071
0.965, 0.6207565470417071
0.966, 0.6207565470417071
0.967, 0.6207565470417071
0.968, 0.6207565470417071
0.969, 0.6207565470417071
0.97, 0.6207565470417071
0.971, 0.6207565470417071
0.972, 0.32100133943004944
0.973, 0.32100133943004944
0.974, 0.32100133943004944
0.975, 0.32100133943004944
0.976, 0.32100133943004944
0.977, 0.32100133943004944
0.978, 0.32100133943004944
0.979, 0.32100133943004944
0.98, 0.32100133943004944
0.981, 0.32100133943004944
0.982, 0.32100133943004944
0.983, 0.32100133943004944
0.984, 0.32100133943004944
0.985, 0.32100133943004944
0.986, 0.32100133943004944
0.987, 0.32100133943004944
0.988, 0.32100133943004944
0.989, 0.32100133943004944
0.99, 0.32100133943004944
0.991, 0.32100133943004944
0.992, 0.32100133943004944
0.993, 0.32100133943004944
0.994, 0.32100133943004944
0.995, 0.32100133943004944
0.996, 0.32100133943004944
0.997, 0.32100133943004944
0.998, 0.32100133943004944
0.999, 0.32100133943004944
